Time Altitude VelocityThe number of lines of data = 51
0	220	4100
1	3951.88	3375.52
2	6994.08	2720.16
3	9414.28	2131.04
4	11277.3	1605.28
5	12645	1140
6	13576.5	732.32
7	14127.9	379.36
8	14352.5	78.24
9	14300.7	-173.92
10	14020	-380
11	13555.1	-542.88
12	12947.7	-665.44
13	12236.7	-750.56
14	11458.1	-801.12
15	10645	-820
16	9827.68	-810.08
17	9033.48	-774.24
18	8286.88	-715.36
19	7609.48	-636.32
20	7020	-540
21	6534.28	-429.28
22	6165.28	-307.04
23	5923.08	-176.16
24	5814.88	-39.52
25	5845	100
26	6014.88	239.52
27	6323.08	376.16
28	6765.28	507.04
29	7334.28	629.28
30	8020	740
31	8809.48	836.32
32	9686.88	915.36
33	10633.5	974.24
34	11627.7	1010.08
35	12645	1020
36	13658.1	1001.12
37	14636.7	950.56
38	15547.7	865.44
39	16355.1	742.88
40	17020	580
41	17500.7	373.92
42	17752.5	121.76
43	17727.9	-179.36
44	17376.5	-532.32
45	16645	-940
46	15477.3	-1405.28
47	13814.3	-1931.04
48	11594.1	-2520.16
49	8751.88	-3175.52
50	5220	-3900
