TIME	WIND (mph)
0 23.2717
10 15.8661
20 28.1748
30 23.7002
40 21.5975
50 19.0058
60 29.9192
70 28.4568
80 26.9321
90 15.4822
100 29.1789
110 26.21
120 22.2707
130 18.0799
140 12.2997
150 13.8281
160 19.289
170 14.9463
180 15.318
190 31.7705
200 20.9138
210 14.3817
220 12.0934
230 12.1782
240 19.5576
250 22.6333
260 23.4237
270 24.0353
280 24.1433
290 15.3247
300 25.2609
2290 22.5118
2300 31.096
2310 19.9739
2320 16.8219
2330 23.7112
2340 17.1027
2350 25.6802
2360 30.9056
2370 20.71
2380 29.8045
2390 12.1434
2400 30.8195
2410 24.031
2420 27.7231
2430 23.5336
2440 14.8486
2450 16.4465
2460 19.6601
2470 12.0855
2480 20.3584
2490 13.6449
2500 25.1986
2510 29.102
2520 13.297
2530 28.2212
2540 25.2414
2550 25.8298
2560 28.054
2570 22.6027
2580 25.7126
2590 14.8553
2780 27.0127
2790 14.281
2800 20.0941
2810 18.2227
2820 31.8523
2830 12.7715
2840 17.0417
2850 15.7855
2860 16.9538
2870 15.0702
2880 24.4064
2890 29.7074
2900 30.7817
2910 15.9131
2920 27.5931
2930 24.9112
2940 25.1352
2950 30.1829
2960 21.1092
2970 30.4259
2980 25.2835
2990 15.0152
3000 24.7268
3010 23.3907
3020 20.4408
3030 30.8604
3040 22.8115
3050 23.5714
3060 22.7291
3070 17.1057
3080 19.9391
