30.0751
63.8151
41.5983
78.5244
65.1006
58.7924
51.0175
83.7577
79.3704
74.7963
40.4465
81.5366
72.6301
60.8121
48.2397
30.8991
35.4842
51.8671
38.8388
39.9539
89.3115
56.7415
37.145
30.2802
30.5347
52.6728
61.8998
64.2711
66.1058
66.4299
39.9741
69.7827
57.0473
51.1274
33.4223
66.4611
76.9991
78.1564
61.193
48.117
82.5584
73.6006
87.354
85.5431
62.3612
38.5403
57.7248
44.1197
81.7344
42.5761
76.7794
80.6192
89.8077
89.9817
66.69
53.5463
45.9728
47.8368
80.4086
31.4246
52.552
35.5574
70.6323
33.3729
30.5274
85.1274
46.5532
46.3738
65.2745
71.471
80.2567
73.5896
59.0963
42.3215
74.6242
58.1075
57.4776
86.9494
74.6663
36.4968
65.9429
53.1141
74.1005
66.538
64.3443
51.6803
39.0933
43.5063
55.5092
78.1729
61.0263
89.3994
75.0929
50.7337
40.1389
69.4385
59.5138
33.8124
71.9855
60.2884
101.3435
39.3435
45.3434
